41800.0 82650.0
41966.6667 82533.3333
42050.0 82583.3333
42100.0 82450.0
42250.0 82433.3333
42233.3333 82550.0
42300.0 82716.6667
42316.6667 82850.0
42316.6667 82900.0
42333.3333 82950.0
42316.6667 82983.3333
42316.6667 83000.0
42333.3333 83033.3333
42300.0 83066.6667
42283.3333 83066.6667
42150.0 82966.6667
42033.3333 82916.6667
41983.3333 82933.3333
42033.3333 82750.0
42133.3333 82750.0
42166.6667 82816.6667
42100.0 83100.0
42716.6667 82483.3333
42816.6667 82466.6667
42850.0 82466.6667
42966.6667 82400.0
43000.0 82400.0
42883.3333 82150.0
42950.0 82116.6667
43100.0 82000.0
43166.6667 81850.0
43166.6667 81683.3333
43316.6667 81750.0
43300.0 81550.0
43350.0 81483.3333
43283.3333 81466.6667
43183.3333 81400.0
43116.6667 81433.3333
43033.3333 81466.6667
42950.0 81616.6667
42750.0 81700.0
42600.0 81600.0
42566.6667 81683.3333
42433.3333 81883.3333
42550.0 81966.6667
42583.3333 82166.6667
42400.0 82183.3333
42333.3333 82000.0
42250.0 81916.6667
42583.3333 82366.6667
42950.0 81883.3333
42816.6667 81433.3333
42716.6667 81300.0
42666.6667 81216.6667
42783.3333 81183.3333
42700.0 81083.3333
42783.3333 80983.3333
42650.0 80816.6667
42866.6667 80733.3333
42983.3333 80600.0
42850.0 80500.0
42833.3333 80300.0
42933.3333 80283.3333
42783.3333 80200.0
42800.0 80066.6667
42950.0 80050.0
43066.6667 79950.0
43266.6667 79933.3333
43333.3333 79883.3333
43316.6667 79800.0
43250.0 79833.3333
43216.6667 79750.0
43200.0 79550.0
43150.0 79500.0
43166.6667 79466.6667
43100.0 79533.3333
42900.0 79616.6667
42866.6667 79566.6667
42966.6667 79750.0
43033.3333 79283.3333
42983.3333 79250.0
42883.3333 79233.3333
43116.6667 79200.0
43166.6667 79233.3333
43200.0 79266.6667
43216.6667 79216.6667
43133.3333 79100.0
43100.0 79050.0
43083.3333 79050.0
43166.6667 79050.0
43250.0 79066.6667
42900.0 78933.3333
43716.6667 79250.0
43733.3333 79250.0
43783.3333 79250.0
43783.3333 79266.6667
43750.0 79200.0
43733.3333 79333.3333
43700.0 79366.6667
43700.0 79416.6667
43666.6667 79416.6667
43633.3333 79466.6667
43600.0 79500.0
43583.3333 79533.3333
43550.0 79583.3333
43516.6667 79616.6667
43533.3333 79650.0
43583.3333 79716.6667
43683.3333 79766.6667
43700.0 79633.3333
43700.0 79566.6667
43716.6667 79566.6667
43700.0 79500.0
43716.6667 79483.3333
43750.0 79416.6667
43783.3333 79416.6667
43800.0 79416.6667
43866.6667 79433.3333
43933.3333 79533.3333
44000.0 79466.6667
44050.0 79450.0
44116.6667 79566.6667
44250.0 79583.3333
44266.6667 79550.0
44250.0 79466.6667
44300.0 79366.6667
44316.6667 79200.0
44433.3333 79150.0
44550.0 79183.3333
44650.0 79266.6667
44600.0 79366.6667
44600.0 79416.6667
44500.0 79466.6667
44516.6667 79616.6667
44450.0 79733.3333
44383.3333 79700.0
44350.0 79783.3333
44316.6667 79883.3333
44283.3333 79916.6667
44266.6667 79883.3333
44150.0 79866.6667
44016.6667 79800.0
43883.3333 79733.3333
43866.6667 79866.6667
43783.3333 79933.3333
43866.6667 80000.0
43916.6667 80083.3333
43766.6667 80066.6667
43633.3333 80033.3333
43650.0 79933.3333
43516.6667 79883.3333
43433.3333 79666.6667
43783.3333 79600.0
43866.6667 79266.6667
43966.6667 79250.0
44100.0 79116.6667
44233.3333 79050.0
44350.0 79033.3333
44416.6667 79000.0
44600.0 78933.3333
44650.0 79033.3333
44716.6667 78933.3333
44666.6667 78800.0
44533.3333 78750.0
44450.0 78633.3333
44533.3333 78550.0
44550.0 78333.3333
44433.3333 78266.6667
44383.3333 78200.0
44250.0 78166.6667
44133.3333 78183.3333
43966.6667 78166.6667
43950.0 78300.0
44066.6667 78366.6667
44150.0 78450.0
44183.3333 78566.6667
44100.0 78633.3333
44133.3333 78666.6667
44016.6667 78716.6667
44050.0 78800.0
44100.0 78933.3333
44016.6667 78966.6667
43866.6667 78933.3333
43900.0 78866.6667
43850.0 79016.6667
43866.6667 79033.3333
43900.0 78683.3333
43916.6667 78583.3333
44300.0 78550.0
44350.0 78733.3333
44300.0 78333.3333
44383.3333 77983.3333
44300.0 77950.0
44250.0 77816.6667
44300.0 77800.0
44433.3333 77883.3333
44533.3333 77783.3333
44483.3333 77683.3333
44516.6667 77616.6667
44433.3333 77616.6667
44300.0 77600.0
44300.0 77550.0
44200.0 77600.0
44100.0 77583.3333
44033.3333 77733.3333
44016.6667 77883.3333
44083.3333 77366.6667
44166.6667 77383.3333
44216.6667 77366.6667
44433.3333 77450.0
44516.6667 77483.3333
44650.0 77550.0
44816.6667 77616.6667
44983.3333 77733.3333
45050.0 77850.0
45116.6667 77866.6667
45233.3333 77933.3333
45300.0 78033.3333
45400.0 78083.3333
45500.0 78000.0
45500.0 78233.3333
45616.6667 78400.0
45550.0 78600.0
45633.3333 78816.6667
45600.0 79100.0
45450.0 79250.0
45516.6667 79300.0
45533.3333 79316.6667
45616.6667 79416.6667
45483.3333 79466.6667
45666.6667 79633.3333
45766.6667 79400.0
45850.0 79366.6667
45983.3333 79366.6667
46066.6667 79350.0
46216.6667 79366.6667
46300.0 79450.0
46333.3333 79416.6667
46566.6667 79416.6667
46816.6667 79583.3333
46900.0 79633.3333
47066.6667 79783.3333
47283.3333 79716.6667
47333.3333 79800.0
47383.3333 79683.3333
47433.3333 79633.3333
47500.0 79666.6667
47600.0 79650.0
47716.6667 79816.6667
47800.0 79816.6667
47816.6667 79866.6667
47816.6667 80000.0
47633.3333 80000.0
47650.0 80166.6667
47666.6667 80233.3333
47716.6667 80333.3333
47683.3333 80733.3333
47650.0 80783.3333
48000.0 80650.0
48283.3333 80233.3333
48366.6667 80250.0
48416.6667 80316.6667
48483.3333 80383.3333
48533.3333 80466.6667
48533.3333 80683.3333
48650.0 80683.3333
48683.3333 80733.3333
48700.0 80783.3333
48633.3333 80866.6667
48616.6667 80933.3333
48583.3333 81016.6667
48466.6667 81200.0
48466.6667 81283.3333
48466.6667 81333.3333
48816.6667 80816.6667
48866.6667 80850.0
49016.6667 80833.3333
48983.3333 80716.6667
48766.6667 80666.6667
48750.0 80683.3333
49066.6667 81016.6667
49183.3333 81066.6667
49316.6667 81033.3333
49550.0 81350.0
49566.6667 81366.6667
49683.3333 81516.6667
49850.0 81616.6667
50200.0 81666.6667
49283.3333 81633.3333
49250.0 81666.6667
49283.3333 81850.0
49300.0 82033.3333
49350.0 82150.0
49416.6667 82433.3333
49466.6667 82683.3333
49533.3333 82866.6667
49550.0 83016.6667
49600.0 83166.6667
49616.6667 83266.6667
49616.6667 83333.3333
49666.6667 83516.6667
49700.0 83666.6667
49783.3333 83650.0
49533.3333 83833.3333
49066.6667 84100.0
48766.6667 83600.0
48600.0 83350.0
48516.6667 82916.6667
48250.0 82433.3333
48133.3333 82266.6667
48083.3333 82100.0
47666.6667 81716.6667
47416.6667 81533.3333
47250.0 81466.6667
47100.0 81933.3333
47300.0 82100.0
47433.3333 82333.3333
47583.3333 82766.6667
47716.6667 83200.0
47900.0 83183.3333
47833.3333 83400.0
47950.0 83783.3333
48100.0 83916.6667
48150.0 84033.3333
48116.6667 84066.6667
48300.0 84083.3333
48350.0 84266.6667
48466.6667 84416.6667
48250.0 84533.3333
48083.3333 84550.0
48000.0 84783.3333
47950.0 84916.6667
48483.3333 84950.0
48583.3333 85283.3333
48683.3333 85650.0
49133.3333 85800.0
49616.6667 86150.0
49783.3333 86550.0
49700.0 86950.0
49716.6667 86966.6667
50233.3333 86950.0
50183.3333 86700.0
50250.0 87216.6667
50233.3333 87666.6667
50250.0 87900.0
50233.3333 88050.0
50316.6667 88416.6667
50300.0 88533.3333
50300.0 89033.3333
50283.3333 89450.0
50250.0 89766.6667
50233.3333 90200.0
50233.3333 90716.6667
49650.0 91000.0
49416.6667 90916.6667
49250.0 90566.6667
49050.0 90466.6667
49083.3333 90283.3333
48950.0 90250.0
48666.6667 90250.0
48650.0 90433.3333
48716.6667 90733.3333
48733.3333 90933.3333
48750.0 91200.0
48750.0 91616.6667
48833.3333 91666.6667
48733.3333 92083.3333
48750.0 92283.3333
48766.6667 92616.6667
48766.6667 92833.3333
48616.6667 93416.6667
48616.6667 93533.3333
48683.3333 93650.0
48616.6667 93833.3333
48650.0 93983.3333
48800.0 93983.3333
48850.0 93916.6667
48866.6667 94166.6667
48700.0 94300.0
48933.3333 94383.3333
49100.0 94316.6667
48716.6667 94566.6667
49016.6667 95433.3333
49033.3333 95650.0
49033.3333 95766.6667
49100.0 95833.3333
49066.6667 95966.6667
49183.3333 95966.6667
49250.0 96050.0
49283.3333 96150.0
49316.6667 96300.0
49433.3333 96383.3333
49650.0 96450.0
49750.0 96433.3333
49866.6667 96466.6667
50066.6667 96516.6667
50083.3333 96666.6667
50150.0 96883.3333
49883.3333 97000.0
49916.6667 97083.3333
49900.0 97100.0
49933.3333 97116.6667
49950.0 97100.0
49916.6667 97183.3333
49883.3333 97166.6667
49833.3333 97216.6667
49900.0 97250.0
49816.6667 97133.3333
49683.3333 97266.6667
49600.0 97316.6667
49533.3333 97366.6667
49350.0 97366.6667
49200.0 97550.0
49100.0 97566.6667
49000.0 97550.0
49183.3333 97766.6667
49183.3333 97933.3333
49183.3333 98100.0
49366.6667 97950.0
49500.0 98000.0
49666.6667 98000.0
49516.6667 97700.0
49366.6667 98250.0
49233.3333 98533.3333
49533.3333 98550.0
49633.3333 98700.0
49400.0 98800.0
49200.0 98900.0
49133.3333 98950.0
49366.6667 99116.6667
49383.3333 99233.3333
49550.0 99283.3333
49583.3333 99450.0
49416.6667 99450.0
49400.0 99633.3333
49516.6667 99683.3333
49183.3333 99666.6667
49133.3333 99466.6667
49083.3333 99333.3333
49216.6667 99333.3333
49550.0 99083.3333
49900.0 99066.6667
49950.0 98933.3333
49966.6667 98766.6667
50133.3333 98566.6667
50066.6667 98450.0
50183.3333 98316.6667
49966.6667 98300.0
50083.3333 97866.6667
50200.0 97666.6667
50066.6667 97450.0
50133.3333 97316.6667
50066.6667 97216.6667
50383.3333 97266.6667
50566.6667 97216.6667
50566.6667 97000.0
50633.3333 97000.0
50900.0 97216.6667
51000.0 97000.0
50700.0 96550.0
50550.0 96633.3333
50433.3333 96566.6667
50550.0 96233.3333
50450.0 96016.6667
50350.0 95966.6667
50266.6667 96050.0
50116.6667 96033.3333
50150.0 95883.3333
49950.0 95966.6667
49866.6667 95916.6667
49883.3333 96066.6667
49666.6667 95900.0
49633.3333 95716.6667
49616.6667 95616.6667
49850.0 95550.0
49883.3333 95416.6667
49733.3333 95200.0
49800.0 95116.6667
49933.3333 94983.3333
49983.3333 94650.0
49766.6667 94550.0
49766.6667 94466.6667
49800.0 93983.3333
49983.3333 93616.6667
49950.0 93416.6667
49850.0 93383.3333
49783.3333 93183.3333
49800.0 93083.3333
49816.6667 92983.3333
49783.3333 92833.3333
49766.6667 92700.0
49716.6667 92600.0
49700.0 92500.0
49616.6667 92316.6667
49983.3333 92300.0
50083.3333 92166.6667
50100.0 91916.6667
50066.6667 91750.0
50166.6667 91533.3333
50166.6667 91450.0
49833.3333 91333.3333
49416.6667 91666.6667
50316.6667 92283.3333
50016.6667 92933.3333
50633.3333 93166.6667
51100.0 92750.0
51216.6667 92783.3333
51266.6667 92683.3333
51466.6667 92350.0
51716.6667 91800.0
50933.3333 91383.3333
51133.3333 90266.6667
51183.3333 90216.6667
51483.3333 90150.0
51500.0 90050.0
52950.0 89883.3333
53816.6667 89883.3333
53933.3333 90983.3333
52950.0 91333.3333
52583.3333 91533.3333
52766.6667 90783.3333
53033.3333 93233.3333
53266.6667 93566.6667
52833.3333 93633.3333
52616.6667 94066.6667
52100.0 94300.0
51816.6667 94000.0
51083.3333 93833.3333
51033.3333 93833.3333
50966.6667 93916.6667
50866.6667 95250.0
50900.0 95333.3333
51016.6667 95666.6667
51133.3333 96200.0
51100.0 96300.0
51666.6667 96833.3333
51733.3333 96916.6667
52366.6667 97033.3333
51383.3333 97483.3333
51200.0 97566.6667
50783.3333 97566.6667
50683.3333 97533.3333
50500.0 97500.0
50416.6667 97950.0
50500.0 98033.3333
50866.6667 98100.0
50966.6667 98183.3333
51183.3333 98333.3333
51283.3333 98416.6667
51316.6667 98350.0
51600.0 98700.0
51766.6667 98616.6667
51433.3333 98800.0
51366.6667 99116.6667
51316.6667 99500.0
51383.3333 99600.0
51050.0 99533.3333
51050.0 99783.3333
51150.0 100050.0
51166.6667 100283.3333
51133.3333 100483.3333
51166.6667 100700.0
51216.6667 101150.0
51233.3333 101350.0
51316.6667 101433.3333
51150.0 101750.0
51216.6667 101883.3333
51216.6667 102000.0
51200.0 102100.0
51216.6667 102250.0
51350.0 102200.0
51300.0 102433.3333
51216.6667 102466.6667
51450.0 102433.3333
51550.0 102433.3333
51633.3333 102433.3333
51850.0 102533.3333
51950.0 102666.6667
52066.6667 102650.0
52250.0 102666.6667
52466.6667 102650.0
52666.6667 102533.3333
52850.0 102383.3333
52900.0 102483.3333
52850.0 102200.0
52833.3333 101850.0
52816.6667 101433.3333
52683.3333 101100.0
52583.3333 101050.0
52533.3333 101066.6667
52383.3333 101100.0
52083.3333 101050.0
52100.0 101266.6667
51916.6667 101550.0
51866.6667 101916.6667
51566.6667 101900.0
51516.6667 101800.0
51033.3333 102166.6667
50933.3333 102033.3333
50650.0 102083.3333
50333.3333 102250.0
50050.0 102283.3333
50016.6667 102350.0
49833.3333 102283.3333
49633.3333 102266.6667
49600.0 102083.3333
49383.3333 101866.6667
49383.3333 101716.6667
49566.6667 101700.0
49733.3333 101783.3333
49783.3333 101666.6667
49833.3333 101533.3333
50066.6667 101516.6667
50016.6667 101366.6667
49966.6667 101250.0
49916.6667 101083.3333
49850.0 100933.3333
49716.6667 100966.6667
49550.0 100950.0
49550.0 101083.3333
49383.3333 100966.6667
49266.6667 100983.3333
49316.6667 100850.0
49250.0 100750.0
49383.3333 100666.6667
49483.3333 100516.6667
49433.3333 100266.6667
49616.6667 100250.0
49816.6667 100300.0
49833.3333 100133.3333
49966.6667 100100.0
50033.3333 100216.6667
50116.6667 100033.3333
49966.6667 99950.0
49866.6667 99916.6667
49833.3333 99950.0
49883.3333 99700.0
49866.6667 99350.0
50150.0 99450.0
50233.3333 99450.0
50366.6667 99466.6667
50683.3333 99466.6667
50783.3333 99483.3333
50800.0 98983.3333
50700.0 98866.6667
50600.0 98733.3333
50383.3333 98666.6667
50233.3333 98950.0
50133.3333 99100.0
50383.3333 99083.3333
50250.0 99833.3333
50350.0 100200.0
50400.0 100400.0
50533.3333 100316.6667
50566.6667 100583.3333
50433.3333 100583.3333
50183.3333 100600.0
50133.3333 100766.6667
49950.0 100750.0
49766.6667 100633.3333
49766.6667 100466.6667
49983.3333 100533.3333
50133.3333 101033.3333
50266.6667 101033.3333
50433.3333 101050.0
50450.0 101300.0
50616.6667 101283.3333
50783.3333 101283.3333
50750.0 101433.3333
50833.3333 101700.0
50600.0 101683.3333
50383.3333 101700.0
50150.0 101666.6667
49883.3333 101833.3333
49966.6667 101966.6667
49900.0 102016.6667
50250.0 101966.6667
50383.3333 102566.6667
50100.0 102633.3333
50150.0 102933.3333
50416.6667 102916.6667
50716.6667 103000.0
50733.3333 103200.0
50416.6667 103266.6667
50483.3333 103433.3333
50533.3333 103666.6667
50533.3333 103866.6667
50766.6667 103783.3333
50900.0 103850.0
50800.0 103550.0
51166.6667 103500.0
51266.6667 103733.3333
51550.0 103966.6667
51766.6667 104183.3333
52016.6667 104066.6667
52066.6667 104250.0
52133.3333 104533.3333
52416.6667 104500.0
52666.6667 104533.3333
52866.6667 104466.6667
52866.6667 104600.0
52900.0 104783.3333
52950.0 105033.3333
52783.3333 105083.3333
52633.3333 104883.3333
52500.0 104900.0
52400.0 104983.3333
52200.0 104983.3333
52200.0 105116.6667
52116.6667 105133.3333
52050.0 105133.3333
51850.0 105033.3333
51633.3333 105016.6667
51516.6667 105016.6667
51416.6667 105016.6667
51316.6667 105000.0
51066.6667 104950.0
50983.3333 104850.0
50800.0 104916.6667
50750.0 104866.6667
50650.0 104866.6667
50433.3333 104816.6667
50450.0 104616.6667
50416.6667 104600.0
50466.6667 104416.6667
50566.6667 104450.0
50933.3333 104500.0
50950.0 104200.0
51400.0 104533.3333
51400.0 104733.3333
51783.3333 104716.6667
51750.0 104533.3333
52183.3333 104833.3333
52433.3333 105283.3333
52633.3333 105450.0
52733.3333 105450.0
52866.6667 105400.0
52983.3333 105433.3333
53000.0 105250.0
53450.0 105366.6667
53416.6667 105533.3333
53400.0 105616.6667
53500.0 105566.6667
53200.0 105750.0
53016.6667 105800.0
52916.6667 105800.0
52866.6667 105783.3333
52783.3333 105733.3333
52650.0 105733.3333
52483.3333 105716.6667
52283.3333 105666.6667
52266.6667 105516.6667
52100.0 105750.0
51966.6667 105866.6667
51900.0 106066.6667
52016.6667 106216.6667
52316.6667 106283.3333
52316.6667 106100.0
52516.6667 106016.6667
52783.3333 105916.6667
53016.6667 106000.0
53083.3333 106066.6667
53216.6667 106066.6667
53216.6667 106400.0
53366.6667 106600.0
53266.6667 106700.0
53433.3333 106733.3333
53516.6667 106866.6667
53650.0 106983.3333
53750.0 106966.6667
53833.3333 107033.3333
53516.6667 107133.3333
53300.0 107050.0
53300.0 106966.6667
53350.0 107333.3333
53366.6667 107516.6667
53633.3333 107550.0
53683.3333 107700.0
53783.3333 107750.0
53550.0 107866.6667
53366.6667 107816.6667
53250.0 108000.0
53216.6667 108000.0
53300.0 108083.3333
53366.6667 108050.0
53350.0 108350.0
53450.0 108700.0
53183.3333 108766.6667
53016.6667 108950.0
52750.0 109016.6667
52866.6667 109266.6667
53083.3333 109300.0
53116.6667 109616.6667
52833.3333 109633.3333
52650.0 109666.6667
52500.0 109700.0
52400.0 109833.3333
52333.3333 109950.0
52350.0 110116.6667
52350.0 110266.6667
52150.0 110083.3333
51866.6667 110016.6667
51883.3333 109950.0
51850.0 109766.6667
51616.6667 109733.3333
51466.6667 109600.0
51433.3333 109450.0
51216.6667 109500.0
51233.3333 109166.6667
51216.6667 109016.6667
51150.0 108750.0
51316.6667 108750.0
51466.6667 108850.0
51466.6667 109133.3333
51700.0 109233.3333
51916.6667 109133.3333
52050.0 108966.6667
52133.3333 108950.0
52266.6667 108900.0
52416.6667 108700.0
52600.0 108783.3333
52300.0 108516.6667
52200.0 108450.0
51966.6667 108366.6667
51950.0 108616.6667
52066.6667 108700.0
51800.0 108833.3333
51700.0 108483.3333
51633.3333 108350.0
51483.3333 108400.0
51500.0 108250.0
51333.3333 108150.0
51200.0 108033.3333
50983.3333 108083.3333
50883.3333 108200.0
50800.0 107950.0
50600.0 107816.6667
50500.0 107766.6667
50283.3333 107766.6667
50183.3333 107816.6667
50116.6667 107733.3333
50366.6667 107583.3333
50583.3333 107350.0
50433.3333 107216.6667
50233.3333 107250.0
50116.6667 107100.0
50116.6667 106983.3333
50016.6667 106733.3333
49883.3333 106550.0
49700.0 106566.6667
49666.6667 106850.0
49666.6667 107000.0
49416.6667 107066.6667
49416.6667 106683.3333
49366.6667 106383.3333
49466.6667 106350.0
49650.0 106266.6667
49866.6667 106216.6667
49833.3333 106033.3333
49933.3333 105966.6667
49933.3333 105700.0
49816.6667 105616.6667
49950.0 105400.0
50166.6667 105266.6667
50300.0 105133.3333
50400.0 105150.0
50366.6667 105383.3333
50400.0 105550.0
50283.3333 105616.6667
50400.0 105716.6667
50450.0 105816.6667
50266.6667 105883.3333
50200.0 106000.0
50450.0 106066.6667
50633.3333 106033.3333
50683.3333 105883.3333
50800.0 106150.0
50750.0 106400.0
50983.3333 106550.0
51116.6667 106600.0
51200.0 106866.6667
51100.0 106983.3333
51266.6667 107016.6667
51483.3333 106933.3333
51500.0 107050.0
51533.3333 107250.0
51700.0 107133.3333
51916.6667 107116.6667
52000.0 106983.3333
52100.0 107000.0
52133.3333 107050.0
52116.6667 107216.6667
52066.6667 107433.3333
52050.0 107550.0
52033.3333 107550.0
52016.6667 107700.0
51883.3333 107600.0
51800.0 107416.6667
51483.3333 107516.6667
51333.3333 107450.0
51316.6667 107650.0
51516.6667 107716.6667
51616.6667 107750.0
51800.0 107850.0
51550.0 107983.3333
52050.0 107983.3333
52116.6667 108133.3333
52366.6667 108216.6667
52450.0 108266.6667
52766.6667 108283.3333
52766.6667 108300.0
52866.6667 108300.0
52966.6667 108383.3333
52866.6667 108450.0
52650.0 108016.6667
52533.3333 107883.3333
52566.6667 107716.6667
52700.0 107700.0
52516.6667 107533.3333
52466.6667 107400.0
52250.0 107500.0
52383.3333 107666.6667
52716.6667 107350.0
52800.0 107466.6667
52983.3333 107583.3333
53083.3333 107666.6667
53133.3333 107766.6667
52933.3333 107866.6667
52783.3333 107066.6667
52833.3333 106883.3333
52933.3333 106783.3333
52716.6667 106583.3333
52616.6667 106650.0
52816.6667 106500.0
52916.6667 106400.0
52800.0 106216.6667
52650.0 106333.3333
52500.0 106416.6667
52316.6667 106566.6667
52133.3333 106600.0
52116.6667 106633.3333
52133.3333 106666.6667
52333.3333 106783.3333
52366.6667 106966.6667
51800.0 106500.0
51616.6667 106433.3333
51500.0 106283.3333
51366.6667 106133.3333
51266.6667 105966.6667
51166.6667 105933.3333
50933.3333 105700.0
50850.0 105566.6667
51066.6667 105433.3333
51233.3333 105433.3333
51450.0 105450.0
51550.0 105466.6667
51666.6667 105466.6667
51900.0 105450.0
51950.0 105633.3333
51766.6667 105750.0
51416.6667 106600.0
50916.6667 106850.0
50983.3333 107133.3333
50883.3333 107383.3333
50600.0 107016.6667
50450.0 106900.0
50466.6667 106666.6667
50616.6667 106700.0
50450.0 106266.6667
50133.3333 106383.3333
49616.6667 105983.3333
49483.3333 106016.6667
49183.3333 105950.0
49183.3333 105600.0
49300.0 105416.6667
49066.6667 105383.3333
49100.0 105166.6667
49400.0 105116.6667
49550.0 105050.0
49566.6667 104916.6667
49733.3333 104950.0
49916.6667 104950.0
50016.6667 105066.6667
50183.3333 104900.0
50050.0 104633.3333
49916.6667 104366.6667
50100.0 104316.6667
49816.6667 104150.0
49633.3333 104216.6667
49466.6667 104283.3333
49366.6667 104066.6667
49133.3333 104183.3333
49083.3333 104466.6667
49166.6667 104583.3333
49166.6667 104600.0
49450.0 104600.0
49616.6667 104750.0
49716.6667 104600.0
49633.3333 104466.6667
49666.6667 103850.0
49783.3333 103666.6667
49883.3333 103866.6667
50100.0 103866.6667
50216.6667 103450.0
49883.3333 103433.3333
49666.6667 103433.3333
49400.0 103400.0
49316.6667 103250.0
49133.3333 103316.6667
49133.3333 103483.3333
49183.3333 103666.6667
49133.3333 103800.0
49250.0 103816.6667
49400.0 103700.0
49683.3333 103016.6667
49850.0 102950.0
49633.3333 102666.6667
49633.3333 102483.3333
49383.3333 102750.0
49150.0 102800.0
49150.0 103000.0
49000.0 102550.0
49200.0 102416.6667
49266.6667 102283.3333
49216.6667 102166.6667
49000.0 102266.6667
49166.6667 101783.3333
49166.6667 101450.0
49183.3333 101250.0
49050.0 101166.6667
49083.3333 100983.3333
49100.0 100800.0
49100.0 100600.0
49183.3333 100500.0
49233.3333 100050.0
49216.6667 99883.3333
49400.0 100016.6667
50650.0 99966.6667
50666.6667 100816.6667
50950.0 101233.3333
51516.6667 100400.0
51783.3333 100533.3333
52083.3333 100800.0
52616.6667 100733.3333
52200.0 100166.6667
52016.6667 100150.0
51650.0 99916.6667
51950.0 99600.0
53166.6667 99283.3333
53700.0 100300.0
54216.6667 100600.0
53816.6667 101233.3333
54283.3333 101816.6667
54666.6667 101783.3333
54750.0 101850.0
54766.6667 101883.3333
54666.6667 102083.3333
54583.3333 101383.3333
55116.6667 101083.3333
55733.3333 101316.6667
56233.3333 100566.6667
55816.6667 100383.3333
54783.3333 99783.3333
54916.6667 98633.3333
54833.3333 98250.0
54616.6667 97783.3333
53966.6667 97833.3333
53700.0 97883.3333
55316.6667 97700.0
55750.0 97866.6667
55583.3333 97150.0
55766.6667 96700.0
56250.0 96100.0
56066.6667 95633.3333
56350.0 94700.0
56816.6667 94083.3333
57200.0 94166.6667
57933.3333 94200.0
58766.6667 94166.6667
59916.6667 94816.6667
61116.6667 94050.0
62183.3333 92600.0
62816.6667 92083.3333
63333.3333 90700.0
65933.3333 90816.6667
68533.3333 89816.6667
66533.3333 86716.6667
66516.6667 86233.3333
64133.3333 83166.6667
68766.6667 81200.0
69400.0 81800.0
70950.0 84833.3333
71333.3333 84950.0
73033.3333 85166.6667
74516.6667 82400.0
76416.6667 82950.0
76200.0 81016.6667
72700.0 78000.0
65133.3333 77633.3333
64233.3333 76550.0
63116.6667 77933.3333
62416.6667 77900.0
62533.3333 77383.3333
62200.0 75633.3333
60033.3333 77283.3333
60733.3333 78483.3333
58450.0 78150.0
56533.3333 79233.3333
56200.0 78866.6667
55266.6667 77783.3333
53783.3333 77616.6667
54016.6667 76533.3333
53833.3333 79016.6667
54400.0 79450.0
53000.0 78816.6667
52600.0 78716.6667
52233.3333 78516.6667
51483.3333 78766.6667
51966.6667 79316.6667
51250.0 80600.0
51266.6667 80650.0
52250.0 81616.6667
52750.0 82000.0
52916.6667 82433.3333
54366.6667 82533.3333
55250.0 85200.0
55983.3333 87650.0
52216.6667 87883.3333
51550.0 87983.3333
49666.6667 87650.0
49683.3333 87516.6667
49600.0 87950.0
49433.3333 88116.6667
49366.6667 88133.3333
49133.3333 88333.3333
49016.6667 88250.0
48950.0 88283.3333
48900.0 88350.0
48850.0 88483.3333
48750.0 88583.3333
48633.3333 88766.6667
48566.6667 88733.3333
48550.0 88966.6667
48333.3333 88816.6667
48400.0 89233.3333
48533.3333 89583.3333
48416.6667 89616.6667
48250.0 89883.3333
48583.3333 89900.0
48600.0 89983.3333
48633.3333 90066.6667
48833.3333 89916.6667
49816.6667 89100.0
48900.0 87683.3333
48833.3333 87516.6667
48800.0 87266.6667
48783.3333 87100.0
48800.0 86966.6667
48716.6667 86383.3333
48750.0 86366.6667
48650.0 86283.3333
49216.6667 84783.3333
50016.6667 85216.6667
50416.6667 84366.6667
51616.6667 85933.3333
47333.3333 84550.0
46900.0 84600.0
46500.0 84333.3333
46550.0 84150.0
46483.3333 84066.6667
46333.3333 83933.3333
46250.0 83883.3333
46283.3333 83783.3333
46250.0 83550.0
46233.3333 83333.3333
46200.0 83150.0
46183.3333 82950.0
46200.0 82666.6667
46383.3333 82650.0
46183.3333 82333.3333
46200.0 82083.3333
46266.6667 81883.3333
46250.0 81766.6667
46100.0 81716.6667
46050.0 81783.3333
45966.6667 81933.3333
45733.3333 81800.0
45650.0 81983.3333
45550.0 82016.6667
45900.0 82250.0
45916.6667 82466.6667
45816.6667 82583.3333
45900.0 82833.3333
45916.6667 83116.6667
46283.3333 84033.3333
46716.6667 84133.3333
46783.3333 84050.0
46700.0 81550.0
46633.3333 81383.3333
46583.3333 81200.0
46450.0 81166.6667
46433.3333 81150.0
46400.0 81166.6667
46466.6667 81066.6667
46500.0 80966.6667
46483.3333 80850.0
46566.6667 80866.6667
46566.6667 80816.6667
46666.6667 80750.0
46700.0 80916.6667
46816.6667 80950.0
46850.0 81016.6667
46383.3333 80816.6667
46300.0 80800.0
46233.3333 80866.6667
46166.6667 80700.0
46033.3333 80600.0
45983.3333 80716.6667
45883.3333 80733.3333
45883.3333 80533.3333
45783.3333 80533.3333
45766.6667 80550.0
45600.0 80366.6667
45516.6667 80283.3333
45416.6667 80100.0
45316.6667 80083.3333
45333.3333 80033.3333
45300.0 79933.3333
45383.3333 79783.3333
45133.3333 79766.6667
45016.6667 79616.6667
44983.3333 79566.6667
44850.0 79500.0
44916.6667 79366.6667
45000.0 79300.0
45033.3333 79300.0
45050.0 79400.0
45216.6667 79333.3333
45333.3333 79216.6667
45233.3333 78883.3333
45066.6667 78900.0
45050.0 78800.0
44933.3333 78733.3333
44783.3333 78650.0
45033.3333 78516.6667
44900.0 78383.3333
45033.3333 78216.6667
45066.6667 78083.3333
44750.0 78083.3333
44850.0 77833.3333
44666.6667 77333.3333
44633.3333 77283.3333
44550.0 77333.3333
44466.6667 77300.0
44516.6667 77216.6667
44650.0 77116.6667
44466.6667 76983.3333
44383.3333 77016.6667
44250.0 76950.0
44233.3333 77033.3333
44200.0 77033.3333
44216.6667 76866.6667
44183.3333 76766.6667
44200.0 76750.0
44150.0 76766.6667
44233.3333 76616.6667
44300.0 76566.6667
44366.6667 76516.6667
44233.3333 76483.3333
44216.6667 76533.3333
44333.3333 76333.3333
44333.3333 76166.6667
44366.6667 75933.3333
44433.3333 75950.0
44633.3333 75850.0
44683.3333 75966.6667
44900.0 76016.6667
44916.6667 75833.3333
45016.6667 75633.3333
45183.3333 75833.3333
45250.0 75916.6667
45300.0 75883.3333
45333.3333 75900.0
45350.0 75933.3333
45366.6667 75883.3333
45400.0 75850.0
45383.3333 75800.0
45366.6667 75800.0
45433.3333 75733.3333
45416.6667 75700.0
45450.0 75683.3333
45466.6667 75700.0
45483.3333 75650.0
45433.3333 75650.0
45483.3333 75600.0
45466.6667 75516.6667
45550.0 75416.6667
45583.3333 75416.6667
45533.3333 75283.3333
45583.3333 75233.3333
45450.0 75250.0
45333.3333 75250.0
45300.0 75083.3333
45450.0 75066.6667
45616.6667 75016.6667
45650.0 74933.3333
45550.0 74866.6667
45616.6667 74683.3333
45616.6667 74600.0
45633.3333 74600.0
45516.6667 74650.0
45300.0 74633.3333
45350.0 74500.0
45133.3333 74500.0
45133.3333 74483.3333
45133.3333 74350.0
45016.6667 74366.6667
45016.6667 74400.0
45083.3333 74183.3333
45166.6667 74133.3333
45250.0 74133.3333
45283.3333 74050.0
45316.6667 74050.0
45383.3333 74016.6667
45400.0 74033.3333
45366.6667 73983.3333
45400.0 73933.3333
45400.0 73916.6667
45433.3333 73966.6667
45500.0 73966.6667
45500.0 74033.3333
45466.6667 74083.3333
45450.0 74116.6667
45450.0 74150.0
45450.0 74166.6667
45466.6667 74300.0
45633.3333 74366.6667
45650.0 74333.3333
45683.3333 74400.0
45650.0 74100.0
45766.6667 74000.0
45766.6667 73983.3333
45800.0 74016.6667
45866.6667 74083.3333
45900.0 74166.6667
45950.0 74150.0
46033.3333 74200.0
46033.3333 74283.3333
46133.3333 74183.3333
46033.3333 74066.6667
46033.3333 74033.3333
45966.6667 73716.6667
46033.3333 73700.0
45950.0 73583.3333
45966.6667 73466.6667
46033.3333 73433.3333
46166.6667 73416.6667
46216.6667 73533.3333
46316.6667 73650.0
46283.3333 73366.6667
46183.3333 73116.6667
46250.0 73083.3333
46216.6667 73016.6667
46250.0 72933.3333
46283.3333 72833.3333
46283.3333 72683.3333
46216.6667 72600.0
46183.3333 72500.0
46216.6667 72433.3333
46333.3333 72433.3333
46366.6667 72500.0
46316.6667 72516.6667
46350.0 72550.0
46466.6667 72533.3333
46550.0 72466.6667
46533.3333 72350.0
46433.3333 72350.0
46500.0 72250.0
46583.3333 72183.3333
46550.0 72116.6667
46550.0 72100.0
46583.3333 72050.0
46566.6667 72000.0
46616.6667 71933.3333
46633.3333 71916.6667
46683.3333 71883.3333
46750.0 71816.6667
46750.0 71700.0
46683.3333 71716.6667
46666.6667 71733.3333
46616.6667 71733.3333
46566.6667 71833.3333
46416.6667 71933.3333
46383.3333 71883.3333
46366.6667 72016.6667
46483.3333 72033.3333
46683.3333 72033.3333
46700.0 72083.3333
46666.6667 72133.3333
46750.0 72250.0
46866.6667 72383.3333
46850.0 72450.0
46800.0 72500.0
46716.6667 72566.6667
46616.6667 72666.6667
46633.3333 72683.3333
46616.6667 72733.3333
46616.6667 72766.6667
46550.0 72733.3333
46533.3333 72750.0
46516.6667 72750.0
46483.3333 72666.6667
46683.3333 72716.6667
46583.3333 73083.3333
46083.3333 73166.6667
46050.0 73116.6667
46033.3333 73133.3333
46016.6667 73166.6667
45966.6667 73216.6667
45883.3333 73283.3333
45850.0 73233.3333
45883.3333 73150.0
45783.3333 73150.0
45683.3333 73183.3333
45566.6667 73200.0
45550.0 73233.3333
45533.3333 73216.6667
45533.3333 73166.6667
45433.3333 73166.6667
45450.0 73266.6667
45450.0 73300.0
45533.3333 73350.0
45533.3333 73483.3333
45500.0 73483.3333
45500.0 73500.0
45483.3333 73500.0
45466.6667 73466.6667
45450.0 73483.3333
45416.6667 73500.0
45383.3333 73516.6667
45366.6667 73550.0
45400.0 73583.3333
45450.0 73583.3333
45450.0 73566.6667
45483.3333 73600.0
45500.0 73583.3333
45516.6667 73616.6667
45516.6667 73650.0
45516.6667 73666.6667
45550.0 73666.6667
45566.6667 73650.0
45566.6667 73616.6667
45583.3333 73600.0
45600.0 73616.6667
45616.6667 73650.0
45683.3333 73633.3333
45666.6667 73566.6667
45633.3333 73516.6667
45600.0 73533.3333
45583.3333 73516.6667
45533.3333 73516.6667
45650.0 73483.3333
45683.3333 73433.3333
45733.3333 73450.0
45716.6667 73483.3333
45750.0 73483.3333
45816.6667 73433.3333
45850.0 73483.3333
45766.6667 73350.0
45766.6667 72983.3333
45633.3333 72933.3333
45616.6667 72950.0
45650.0 72900.0
45500.0 72900.0
45433.3333 72883.3333
45400.0 73000.0
45283.3333 72966.6667
45116.6667 72983.3333
45200.0 72750.0
45100.0 72616.6667
45216.6667 72516.6667
45350.0 72516.6667
45416.6667 72583.3333
45483.3333 72600.0
45633.3333 72566.6667
45833.3333 72566.6667
45900.0 72516.6667
45883.3333 72483.3333
45933.3333 72433.3333
45966.6667 72383.3333
46166.6667 72233.3333
46300.0 72266.6667
46050.0 71966.6667
46033.3333 71916.6667
45950.0 71983.3333
45966.6667 71816.6667
45900.0 71650.0
45833.3333 71666.6667
45616.6667 71616.6667
45483.3333 71666.6667
45416.6667 71616.6667
45450.0 71766.6667
45366.6667 71866.6667
45400.0 71900.0
45466.6667 71933.3333
45400.0 72033.3333
45283.3333 72116.6667
45266.6667 72150.0
45300.0 72266.6667
45300.0 72316.6667
45483.3333 72316.6667
45666.6667 72150.0
45583.3333 72000.0
45783.3333 72016.6667
45783.3333 71933.3333
45800.0 71900.0
46166.6667 71883.3333
46216.6667 71766.6667
46366.6667 71616.6667
46466.6667 71516.6667
46566.6667 71433.3333
46700.0 71400.0
46750.0 71350.0
46783.3333 71383.3333
46800.0 71316.6667
46783.3333 71300.0
46750.0 71266.6667
46733.3333 71266.6667
46716.6667 71266.6667
46750.0 71233.3333
46766.6667 71250.0
46800.0 71250.0
46816.6667 71250.0
46816.6667 71200.0
46783.3333 71200.0
46800.0 71166.6667
46833.3333 71166.6667
46850.0 71183.3333
46883.3333 71166.6667
46883.3333 71150.0
46900.0 71133.3333
46966.6667 71016.6667
46966.6667 70950.0
47016.6667 70933.3333
47050.0 70883.3333
47050.0 70850.0
47000.0 70816.6667
46933.3333 70733.3333
46883.3333 70816.6667
46833.3333 70850.0
46866.6667 70916.6667
46766.6667 70950.0
46683.3333 71066.6667
46616.6667 70966.6667
46566.6667 70983.3333
46516.6667 71066.6667
46433.3333 71016.6667
46366.6667 70916.6667
46300.0 70866.6667
46266.6667 71000.0
46216.6667 71083.3333
46133.3333 71216.6667
46083.3333 71300.0
46033.3333 71366.6667
45900.0 71350.0
45833.3333 71383.3333
45766.6667 71416.6667
45700.0 71450.0
45533.3333 71283.3333
45266.6667 71516.6667
45200.0 71500.0
45133.3333 71800.0
45283.3333 71883.3333
45166.6667 72033.3333
45016.6667 72083.3333
45000.0 72100.0
45016.6667 72150.0
45383.3333 72733.3333
45883.3333 72766.6667
46066.6667 72800.0
46066.6667 72833.3333
46000.0 72916.6667
45316.6667 73233.3333
45300.0 73250.0
45216.6667 73300.0
45133.3333 73283.3333
45083.3333 73366.6667
45183.3333 73400.0
45350.0 73466.6667
45250.0 73600.0
45416.6667 73650.0
45433.3333 73650.0
45450.0 73650.0
45450.0 73666.6667
45416.6667 73666.6667
45416.6667 73683.3333
45433.3333 73750.0
45450.0 73750.0
45383.3333 73750.0
45366.6667 73750.0
45333.3333 73816.6667
45316.6667 73850.0
45316.6667 73866.6667
45316.6667 73933.3333
45200.0 73866.6667
45183.3333 73850.0
45233.3333 73800.0
45100.0 73750.0
45050.0 73600.0
45133.3333 74000.0
45266.6667 74233.3333
45283.3333 74233.3333
45233.3333 74250.0
45483.3333 73900.0
45466.6667 73883.3333
45483.3333 73866.6667
45450.0 73850.0
45433.3333 73833.3333
45500.0 73816.6667
45533.3333 73816.6667
45566.6667 73850.0
45550.0 73866.6667
45533.3333 73883.3333
45566.6667 73900.0
45633.3333 73850.0
45633.3333 73816.6667
45616.6667 73783.3333
45616.6667 73750.0
45600.0 73733.3333
45550.0 73733.3333
45533.3333 73716.6667
45533.3333 73700.0
45550.0 73700.0
45650.0 73766.6667
45700.0 73783.3333
45850.0 73766.6667
46316.6667 74216.6667
46116.6667 74583.3333
46200.0 74633.3333
46283.3333 74733.3333
46366.6667 74766.6667
46400.0 74866.6667
46366.6667 74883.3333
46383.3333 75016.6667
46416.6667 75366.6667
46516.6667 75350.0
46550.0 75500.0
46700.0 75450.0
46733.3333 75300.0
46866.6667 75316.6667
46533.3333 76033.3333
46366.6667 75966.6667
46233.3333 76016.6667
46083.3333 76050.0
45950.0 75950.0
45800.0 75950.0
45633.3333 75933.3333
45650.0 76033.3333
45516.6667 76000.0
45516.6667 75866.6667
45500.0 75816.6667
45333.3333 75683.3333
45333.3333 75600.0
45100.0 75350.0
45100.0 75216.6667
45133.3333 75083.3333
45000.0 75000.0
44950.0 75066.6667
44900.0 75183.3333
44850.0 75316.6667
44783.3333 75366.6667
44716.6667 75516.6667
44650.0 75650.0
44583.3333 75683.3333
44650.0 76250.0
44650.0 76316.6667
44683.3333 76400.0
44883.3333 76233.3333
45133.3333 76133.3333
45216.6667 76200.0
45333.3333 76283.3333
45433.3333 76366.6667
45466.6667 76400.0
45516.6667 76416.6667
45600.0 76483.3333
45683.3333 76616.6667
45733.3333 76600.0
45850.0 76750.0
45733.3333 76850.0
45616.6667 76883.3333
45566.6667 76766.6667
45466.6667 76683.3333
45300.0 76716.6667
45366.6667 76483.3333
45516.6667 76233.3333
45350.0 76033.3333
45766.6667 75583.3333
46083.3333 75616.6667
45783.3333 75100.0
45716.6667 75050.0
46016.6667 74766.6667
45283.3333 74850.0
45033.3333 74900.0
45016.6667 74733.3333
46666.6667 73916.6667
46933.3333 74016.6667
47216.6667 74366.6667
47883.3333 74183.3333
47900.0 73883.3333
47850.0 73550.0
47683.3333 73050.0
47450.0 72783.3333
47166.6667 72633.3333
47250.0 72250.0
46983.3333 72183.3333
46883.3333 71833.3333
46850.0 71616.6667
46883.3333 71516.6667
46933.3333 71466.6667
46866.6667 71433.3333
46866.6667 71366.6667
46850.0 71366.6667
46850.0 71350.0
46883.3333 71283.3333
46866.6667 71266.6667
46983.3333 71366.6667
46650.0 71300.0
46650.0 71566.6667
46700.0 71583.3333
46583.3333 71616.6667
46250.0 71516.6667
46216.6667 71383.3333
46366.6667 71233.3333
46600.0 70850.0
46650.0 70800.0
46716.6667 70716.6667
46783.3333 70750.0
46750.0 70583.3333
46683.3333 70450.0
46733.3333 70366.6667
46800.0 70200.0
46683.3333 70016.6667
46850.0 69900.0
46950.0 69783.3333
47100.0 69983.3333
47116.6667 70183.3333
47200.0 70266.6667
47116.6667 70333.3333
47316.6667 70183.3333
47316.6667 70150.0
47366.6667 70033.3333
47333.3333 69983.3333
47416.6667 69950.0
47433.3333 69883.3333
47450.0 69883.3333
47500.0 69933.3333
47516.6667 69816.6667
47600.0 69800.0
47600.0 69733.3333
47666.6667 69733.3333
47683.3333 69633.3333
47616.6667 69633.3333
47766.6667 69616.6667
47833.3333 69533.3333
47766.6667 69483.3333
47916.6667 69500.0
48016.6667 69333.3333
48033.3333 69216.6667
48116.6667 69166.6667
48016.6667 69050.0
47916.6667 69100.0
47800.0 69150.0
47716.6667 69133.3333
47666.6667 69050.0
47683.3333 68883.3333
47600.0 68800.0
47533.3333 68916.6667
47466.6667 69000.0
47433.3333 69033.3333
47433.3333 69050.0
47450.0 69150.0
47450.0 69216.6667
47483.3333 69283.3333
47433.3333 69416.6667
47550.0 69416.6667
47700.0 69283.3333
47383.3333 68900.0
47400.0 68866.6667
47200.0 68833.3333
47333.3333 68666.6667
47550.0 68650.0
47866.6667 68733.3333
48283.3333 68866.6667
48200.0 69016.6667
48366.6667 68700.0
48433.3333 68583.3333
48433.3333 68516.6667
48483.3333 68433.3333
48516.6667 68466.6667
48516.6667 68333.3333
48583.3333 68183.3333
48600.0 68116.6667
48533.3333 68083.3333
48433.3333 68150.0
48666.6667 67983.3333
48716.6667 67866.6667
48583.3333 67833.3333
48533.3333 67850.0
48550.0 67683.3333
48533.3333 67566.6667
48466.6667 67433.3333
48416.6667 67333.3333
48350.0 67216.6667
48250.0 67250.0
48166.6667 67150.0
48050.0 67083.3333
47966.6667 66933.3333
47816.6667 66883.3333
47966.6667 66766.6667
48000.0 66766.6667
48000.0 66666.6667
48050.0 66616.6667
48033.3333 66483.3333
48066.6667 66366.6667
48133.3333 66300.0
47966.6667 66283.3333
48100.0 66100.0
47916.6667 66000.0
47850.0 65766.6667
47733.3333 65716.6667
47600.0 65650.0
47683.3333 65433.3333
47750.0 65366.6667
47816.6667 65183.3333
47700.0 65166.6667
47783.3333 64950.0
47700.0 64850.0
47666.6667 64833.3333
47733.3333 64700.0
47783.3333 64633.3333
47833.3333 64700.0
47500.0 64916.6667
47233.3333 65050.0
47200.0 65150.0
47033.3333 65183.3333
46900.0 65183.3333
47066.6667 65383.3333
47033.3333 65433.3333
46983.3333 65550.0
46983.3333 65566.6667
46950.0 65600.0
46900.0 65633.3333
46883.3333 65516.6667
46716.6667 65416.6667
46583.3333 65333.3333
46466.6667 65250.0
46616.6667 65050.0
46733.3333 64966.6667
46683.3333 64866.6667
46633.3333 64866.6667
46466.6667 64733.3333
46366.6667 64750.0
46300.0 64716.6667
46233.3333 64533.3333
46216.6667 64533.3333
46166.6667 64566.6667
46100.0 64666.6667
46100.0 64750.0
46083.3333 64766.6667
45950.0 64683.3333
45916.6667 64650.0
46000.0 64550.0
45883.3333 64350.0
45833.3333 64200.0
45733.3333 64216.6667
45716.6667 64250.0
45683.3333 64216.6667
45683.3333 64383.3333
45700.0 64433.3333
45516.6667 64333.3333
45400.0 64316.6667
45300.0 64400.0
45183.3333 64450.0
45166.6667 64366.6667
45083.3333 64366.6667
45083.3333 64400.0
45066.6667 64500.0
45116.6667 64533.3333
45066.6667 64633.3333
45033.3333 64733.3333
45066.6667 64800.0
45033.3333 64833.3333
44983.3333 64900.0
45100.0 64933.3333
45033.3333 65066.6667
44950.0 65066.6667
44883.3333 65166.6667
44850.0 65150.0
44800.0 65050.0
44716.6667 65216.6667
44950.0 65266.6667
45016.6667 65166.6667
44816.6667 65516.6667
44750.0 65516.6667
44733.3333 65516.6667
44650.0 65633.3333
44633.3333 65650.0
44566.6667 65633.3333
44600.0 65750.0
44533.3333 66016.6667
44416.6667 65983.3333
44333.3333 66116.6667
44383.3333 66216.6667
44266.6667 66316.6667
44266.6667 66350.0
44183.3333 66150.0
44050.0 66166.6667
43966.6667 66133.3333
43883.3333 66083.3333
43833.3333 66116.6667
43850.0 66150.0
43750.0 66116.6667
43733.3333 65966.6667
43850.0 65966.6667
43800.0 65850.0
43700.0 65783.3333
43516.6667 65733.3333
43450.0 65633.3333
43516.6667 65600.0
43566.6667 65566.6667
43600.0 65466.6667
43633.3333 65483.3333
43633.3333 65350.0
43766.6667 65316.6667
43700.0 65116.6667
43833.3333 65066.6667
43933.3333 64850.0
43950.0 64816.6667
44050.0 64750.0
44033.3333 64716.6667
44133.3333 64650.0
44266.6667 64600.0
44250.0 64550.0
44233.3333 64450.0
44316.6667 64416.6667
44300.0 64366.6667
44283.3333 64366.6667
44366.6667 64316.6667
44350.0 64250.0
44433.3333 64366.6667
44366.6667 64516.6667
44550.0 64716.6667
44633.3333 64850.0
44716.6667 64800.0
44733.3333 64700.0
44733.3333 64450.0
44533.3333 64233.3333
44583.3333 64066.6667
44633.3333 64050.0
44666.6667 63950.0
44700.0 63883.3333
44883.3333 63833.3333
44966.6667 63966.6667
45066.6667 63950.0
45183.3333 63883.3333
45266.6667 63866.6667
45316.6667 63783.3333
45400.0 63700.0
45416.6667 63600.0
45466.6667 63600.0
45433.3333 63516.6667
45433.3333 63466.6667
45416.6667 63383.3333
45366.6667 63300.0
45250.0 63283.3333
45133.3333 63350.0
45083.3333 63400.0
44966.6667 63516.6667
44728.8889 63664.4444
44650.0 63600.0
44666.6667 63566.6667
44650.0 63550.0
44616.6667 63483.3333
44633.3333 63350.0
44650.0 63266.6667
44716.6667 63233.3333
44783.3333 63150.0
44916.6667 63233.3333
45050.0 63133.3333
45133.3333 62950.0
45416.6667 63033.3333
45566.6667 63000.0
45650.0 62850.0
45666.6667 62700.0
45750.0 62733.3333
45616.6667 62616.6667
45583.3333 62633.3333
45566.6667 62650.0
45550.0 62716.6667
45466.6667 62700.0
45400.0 62500.0
45616.6667 62416.6667
45700.0 62266.6667
45583.3333 62183.3333
45400.0 62183.3333
45266.6667 62066.6667
45250.0 62016.6667
45133.3333 61983.3333
45116.6667 62016.6667
45033.3333 62000.0
45066.6667 61900.0
45216.6667 61733.3333
45183.3333 61666.6667
45183.3333 61650.0
45400.0 61500.0
45216.6667 61366.6667
45233.3333 61200.0
45350.0 61250.0
45350.0 61000.0
45483.3333 61033.3333
45516.6667 61016.6667
45583.3333 60966.6667
45650.0 60866.6667
45700.0 60733.3333
45633.3333 60666.6667
45950.0 60783.3333
45966.6667 60816.6667
45950.0 60900.0
45983.3333 60983.3333
45933.3333 61016.6667
45900.0 61100.0
45966.6667 61116.6667
45716.6667 61166.6667
45716.6667 61250.0
45650.0 61233.3333
45616.6667 61233.3333
45600.0 61350.0
45600.0 61366.6667
45616.6667 61400.0
45633.3333 61400.0
45683.3333 61433.3333
45700.0 61483.3333
45650.0 61516.6667
45616.6667 61650.0
45800.0 61483.3333
45883.3333 61500.0
46033.3333 61533.3333
46083.3333 61416.6667
46066.6667 61366.6667
46183.3333 61266.6667
46233.3333 61283.3333
46400.0 61150.0
46433.3333 61100.0
46383.3333 61066.6667
46550.0 61033.3333
46616.6667 61016.6667
46650.0 60966.6667
46300.0 60616.6667
46250.0 60616.6667
46366.6667 60516.6667
46100.0 60500.0
46016.6667 60650.0
46100.0 60750.0
46150.0 60283.3333
46166.6667 60233.3333
46200.0 60250.0
46233.3333 60216.6667
46233.3333 60283.3333
46116.6667 60233.3333
46116.6667 60216.6667
46150.0 60166.6667
46250.0 60083.3333
46216.6667 60016.6667
46200.0 59966.6667
46183.3333 59866.6667
46133.3333 59883.3333
46083.3333 59933.3333
46033.3333 59983.3333
45933.3333 60000.0
45916.6667 59983.3333
46000.0 59850.0
45833.3333 60133.3333
45716.6667 60250.0
46683.3333 60366.6667
46900.0 60466.6667
47000.0 60466.6667
47000.0 60516.6667
47550.0 61566.6667
47383.3333 61866.6667
47366.6667 61933.3333
47233.3333 61850.0
46433.3333 62066.6667
46416.6667 62266.6667
46350.0 62250.0
46416.6667 62433.3333
46416.6667 62566.6667
46416.6667 62700.0
46300.0 62783.3333
46366.6667 62866.6667
46350.0 62966.6667
46283.3333 63133.3333
46250.0 63116.6667
46233.3333 63133.3333
46300.0 63216.6667
46350.0 63350.0
46416.6667 63300.0
46450.0 63450.0
46366.6667 63550.0
46433.3333 63650.0
46533.3333 63683.3333
46400.0 63783.3333
46416.6667 63816.6667
46433.3333 63866.6667
46433.3333 64000.0
46533.3333 64050.0
46566.6667 63933.3333
46666.6667 64066.6667
46683.3333 64183.3333
46700.0 64216.6667
46800.0 64066.6667
46950.0 64033.3333
46250.0 63700.0
46250.0 63666.6667
46116.6667 63783.3333
46100.0 63933.3333
46050.0 64100.0
46150.0 64183.3333
45733.3333 63866.6667
45633.3333 64050.0
45416.6667 64033.3333
45383.3333 63916.6667
45216.6667 64016.6667
45200.0 64116.6667
45150.0 64166.6667
45066.6667 64183.3333
45100.0 64250.0
44983.3333 64133.3333
45183.3333 63716.6667
45316.6667 63516.6667
45250.0 63466.6667
45550.0 63550.0
45683.3333 63550.0
45783.3333 63633.3333
45850.0 63650.0
45833.3333 63583.3333
45800.0 63466.6667
45716.6667 63283.3333
45733.3333 63050.0
46016.6667 62883.3333
46066.6667 62816.6667
46183.3333 62883.3333
46166.6667 62916.6667
46200.0 62833.3333
46166.6667 62650.0
46233.3333 62616.6667
46183.3333 62533.3333
46016.6667 62533.3333
46016.6667 62483.3333
45966.6667 62566.6667
45866.6667 61966.6667
45616.6667 61966.6667
45383.3333 61983.3333
44966.6667 62116.6667
44966.6667 62250.0
44916.6667 62383.3333
44900.0 62416.6667
44933.3333 62533.3333
44800.0 62700.0
44466.6667 63600.0
44466.6667 63716.6667
44466.6667 63800.0
44450.0 64850.0
44383.3333 64966.6667
44366.6667 65033.3333
45200.0 64616.6667
45350.0 64716.6667
45333.3333 64766.6667
45333.3333 64783.3333
45350.0 64816.6667
45466.6667 64783.3333
45616.6667 64783.3333
45750.0 64716.6667
45600.0 64950.0
45800.0 65116.6667
45933.3333 65166.6667
46033.3333 65050.0
46116.6667 64950.0
46250.0 65066.6667
46000.0 65316.6667
46050.0 65550.0
46033.3333 65866.6667
46166.6667 65883.3333
46083.3333 66050.0
45983.3333 66200.0
45883.3333 66300.0
45850.0 66466.6667
45966.6667 66583.3333
45966.6667 66633.3333
45950.0 66633.3333
46133.3333 66600.0
46233.3333 66616.6667
46266.6667 66633.3333
46283.3333 66733.3333
46366.6667 66566.6667
46450.0 66400.0
46516.6667 66266.6667
46550.0 66116.6667
46650.0 65866.6667
46733.3333 65833.3333
46816.6667 65800.0
46833.3333 65783.3333
46966.6667 65733.3333
47116.6667 65600.0
47283.3333 65616.6667
48000.0 65333.3333
48033.3333 65250.0
48050.0 65466.6667
48066.6667 65566.6667
48100.0 65683.3333
48133.3333 65816.6667
48166.6667 65833.3333
48250.0 65900.0
48966.6667 65516.6667
49250.0 65566.6667
49216.6667 65750.0
49216.6667 65916.6667
49200.0 66166.6667
49116.6667 66483.3333
49083.3333 66683.3333
48983.3333 66983.3333
48866.6667 67100.0
48933.3333 67166.6667
48900.0 67333.3333
48866.6667 67450.0
48850.0 67516.6667
48783.3333 67700.0
48666.6667 67333.3333
48633.3333 67116.6667
48300.0 67583.3333
47633.3333 67333.3333
47500.0 67383.3333
47683.3333 67100.0
46900.0 67383.3333
46783.3333 67500.0
46650.0 67583.3333
46733.3333 67700.0
46800.0 67716.6667
46600.0 67733.3333
46433.3333 67716.6667
46466.6667 67566.6667
46400.0 67483.3333
46300.0 67516.6667
46150.0 67566.6667
46066.6667 67683.3333
45983.3333 67600.0
46000.0 67466.6667
45883.3333 67466.6667
45966.6667 67233.3333
46116.6667 67150.0
46133.3333 67183.3333
45916.6667 67033.3333
45883.3333 66900.0
46016.6667 66833.3333
45716.6667 67000.0
45683.3333 66916.6667
45683.3333 67183.3333
45583.3333 67333.3333
45416.6667 67183.3333
45316.6667 67200.0
45283.3333 67266.6667
45200.0 67266.6667
45166.6667 67300.0
45216.6667 67133.3333
45066.6667 67033.3333
45000.0 66933.3333
45050.0 66900.0
45133.3333 66816.6667
45116.6667 66683.3333
45133.3333 66583.3333
45083.3333 66416.6667
45183.3333 66333.3333
45300.0 66200.0
45350.0 66233.3333
45450.0 66350.0
45633.3333 66583.3333
45666.6667 66616.6667
45766.6667 66150.0
45683.3333 66100.0
45616.6667 66083.3333
45383.3333 66000.0
45266.6667 66066.6667
45250.0 66100.0
45466.6667 65883.3333
45533.3333 65833.3333
45866.6667 65816.6667
45716.6667 65516.6667
45350.0 65533.3333
45416.6667 64550.0
45616.6667 63666.6667
46216.6667 63483.3333
46216.6667 63466.6667
48433.3333 64333.3333
48383.3333 64500.0
48350.0 64616.6667
48333.3333 64666.6667
48266.6667 64750.0
48200.0 64866.6667
48183.3333 64983.3333
48750.0 64583.3333
48833.3333 64600.0
48883.3333 64550.0
48833.3333 64483.3333
48816.6667 64450.0
48766.6667 64383.3333
48650.0 64350.0
48616.6667 64266.6667
48633.3333 64183.3333
48866.6667 64200.0
48933.3333 64300.0
48983.3333 64383.3333
49050.0 64483.3333
49133.3333 64750.0
49183.3333 64883.3333
49166.6667 64916.6667
49216.6667 65133.3333
49233.3333 65316.6667
50283.3333 65200.0
50266.6667 64916.6667
50266.6667 64766.6667
50316.6667 64500.0
50283.3333 64333.3333
50266.6667 64150.0
